Смена пути №0
-------------
Ранее неизвестная запрещенная точка: [55, 55]
Путь: [[90, 90], [85, 85], [80, 80], [75, 75], [70, 70], [65, 65], [60, 60], [55, 55], [50, 50], [45, 45], [40, 40], [35, 35], [30, 30], [25, 25], [20, 20], [15, 15], [10, 10], [5, 5], [0, 0], [-5, 5], [-10, 10], [-15, 15], [-20, 20], [-25, 25], [-30, 30], [-35, 35], [-40, 40], [-45, 45], [-50, 50], [-55, 55], [-60, 60], [-65, 65], [-70, 70], [-75, 75], [-80, 80], [-85, 85], [-90, 90]]
Возвращаемся в предыдущую точку (точка смены пути) и начинаем сначала: [60, 60]
-------------
Смена пути №1
-------------
Ранее неизвестная запрещенная точка: [50, 55]
Путь: [[60, 60], [55, 60], [50, 55], [45, 50], [40, 45], [35, 40], [30, 35], [25, 30], [20, 25], [15, 20], [10, 15], [5, 10], [0, 5], [-5, 5], [-10, 10], [-15, 15], [-20, 20], [-25, 25], [-30, 30], [-35, 35], [-40, 40], [-45, 45], [-50, 50], [-55, 55], [-60, 60], [-65, 65], [-70, 70], [-75, 75], [-80, 80], [-85, 85], [-90, 90]]
Возвращаемся в предыдущую точку (точка смены пути) и начинаем сначала: [55, 60]
-------------
Смена пути №2
-------------
Ранее неизвестная запрещенная точка: [50, 60]
Путь: [[55, 60], [50, 60], [45, 55], [40, 50], [35, 45], [30, 40], [25, 35], [20, 30], [15, 25], [10, 20], [5, 15], [0, 10], [-5, 5], [-10, 10], [-15, 15], [-20, 20], [-25, 25], [-30, 30], [-35, 35], [-40, 40], [-45, 45], [-50, 50], [-55, 55], [-60, 60], [-65, 65], [-70, 70], [-75, 75], [-80, 80], [-85, 85], [-90, 90]]
Возвращаемся в предыдущую точку (точка смены пути) и начинаем сначала: [55, 60]
-------------
Смена пути №3
-------------
Ранее неизвестная запрещенная точка: [45, 60]
Путь: [[55, 60], [50, 65], [45, 60], [40, 55], [35, 50], [30, 45], [25, 40], [20, 35], [15, 30], [10, 25], [5, 20], [0, 15], [-5, 10], [-10, 10], [-15, 15], [-20, 20], [-25, 25], [-30, 30], [-35, 35], [-40, 40], [-45, 45], [-50, 50], [-55, 55], [-60, 60], [-65, 65], [-70, 70], [-75, 75], [-80, 80], [-85, 85], [-90, 90]]
Возвращаемся в предыдущую точку (точка смены пути) и начинаем сначала: [50, 65]
-------------
Смена пути №4
-------------
Ранее неизвестная запрещенная точка: [40, 60]
Путь: [[50, 65], [45, 65], [40, 60], [35, 55], [30, 50], [25, 45], [20, 40], [15, 35], [10, 30], [5, 25], [0, 20], [-5, 15], [-10, 10], [-15, 15], [-20, 20], [-25, 25], [-30, 30], [-35, 35], [-40, 40], [-45, 45], [-50, 50], [-55, 55], [-60, 60], [-65, 65], [-70, 70], [-75, 75], [-80, 80], [-85, 85], [-90, 90]]
Возвращаемся в предыдущую точку (точка смены пути) и начинаем сначала: [45, 65]
-------------
Смена пути №5
-------------
Ранее неизвестная запрещенная точка: [40, 65]
Путь: [[45, 65], [40, 65], [35, 60], [30, 55], [25, 50], [20, 45], [15, 40], [10, 35], [5, 30], [0, 25], [-5, 20], [-10, 15], [-15, 15], [-20, 20], [-25, 25], [-30, 30], [-35, 35], [-40, 40], [-45, 45], [-50, 50], [-55, 55], [-60, 60], [-65, 65], [-70, 70], [-75, 75], [-80, 80], [-85, 85], [-90, 90]]
Возвращаемся в предыдущую точку (точка смены пути) и начинаем сначала: [45, 65]
-------------
Смена пути №6
-------------
Ранее неизвестная запрещенная точка: [35, 65]
Путь: [[45, 65], [40, 70], [35, 65], [30, 60], [25, 55], [20, 50], [15, 45], [10, 40], [5, 35], [0, 30], [-5, 25], [-10, 20], [-15, 15], [-20, 20], [-25, 25], [-30, 30], [-35, 35], [-40, 40], [-45, 45], [-50, 50], [-55, 55], [-60, 60], [-65, 65], [-70, 70], [-75, 75], [-80, 80], [-85, 85], [-90, 90]]
Возвращаемся в предыдущую точку (точка смены пути) и начинаем сначала: [40, 70]
-------------
Смена пути №7
-------------
Ранее неизвестная запрещенная точка: [30, 65]
Путь: [[40, 70], [35, 70], [30, 65], [25, 60], [20, 55], [15, 50], [10, 45], [5, 40], [0, 35], [-5, 30], [-10, 25], [-15, 20], [-20, 20], [-25, 25], [-30, 30], [-35, 35], [-40, 40], [-45, 45], [-50, 50], [-55, 55], [-60, 60], [-65, 65], [-70, 70], [-75, 75], [-80, 80], [-85, 85], [-90, 90]]
Возвращаемся в предыдущую точку (точка смены пути) и начинаем сначала: [35, 70]
-------------
Смена пути №8
-------------
Ранее неизвестная запрещенная точка: [25, 65]
Путь: [[35, 70], [30, 70], [25, 65], [20, 60], [15, 55], [10, 50], [5, 45], [0, 40], [-5, 35], [-10, 30], [-15, 25], [-20, 20], [-25, 25], [-30, 30], [-35, 35], [-40, 40], [-45, 45], [-50, 50], [-55, 55], [-60, 60], [-65, 65], [-70, 70], [-75, 75], [-80, 80], [-85, 85], [-90, 90]]
Возвращаемся в предыдущую точку (точка смены пути) и начинаем сначала: [30, 70]
-------------
Смена пути №9
-------------
Ранее неизвестная запрещенная точка: [20, 65]
Путь: [[30, 70], [25, 70], [20, 65], [15, 60], [10, 55], [5, 50], [0, 45], [-5, 40], [-10, 35], [-15, 30], [-20, 25], [-25, 25], [-30, 30], [-35, 35], [-40, 40], [-45, 45], [-50, 50], [-55, 55], [-60, 60], [-65, 65], [-70, 70], [-75, 75], [-80, 80], [-85, 85], [-90, 90]]
Возвращаемся в предыдущую точку (точка смены пути) и начинаем сначала: [25, 70]
-------------
Путь найден: [[25, 70], [20, 70], [15, 65], [10, 60], [5, 55], [0, 50], [-5, 45], [-10, 40], [-15, 35], [-20, 30], [-25, 25], [-30, 30], [-35, 35], [-40, 40], [-45, 45], [-50, 50], [-55, 55], [-60, 60], [-65, 65], [-70, 70], [-75, 75], [-80, 80], [-85, 85], [-90, 90]]
Затраченное время: 7 сек.